Original affine matrix for 001093_C1_RZ_.nii.gz:
[[-4.0728302  0.         0.        -0.       ]
 [ 0.        -4.0728302  0.        -0.       ]
 [ 0.         0.         3.         9.       ]
 [ 0.         0.         0.         1.       ]]

Original affine matrix for 001097_C1_RZ_.nii.gz:
[[-4.0728302  0.         0.        -0.       ]
 [ 0.        -4.0728302  0.        -0.       ]
 [ 0.         0.         3.         9.       ]
 [ 0.         0.         0.         1.       ]]

Original affine matrix for 001101_C1_RZ_.nii.gz:
[[-4.0728302  0.         0.        -0.       ]
 [ 0.        -4.0728302  0.        -0.       ]
 [ 0.         0.         3.         9.       ]
 [ 0.         0.         0.         1.       ]]

Original affine matrix for 001212_C1_RZ_.nii.gz:
[[-4.0728302  0.         0.        -0.       ]
 [ 0.        -4.0728302  0.        -0.       ]
 [ 0.         0.         3.         9.       ]
 [ 0.         0.         0.         1.       ]]

Original affine matrix for 001213_C1_RZ_.nii.gz:
[[-4.0728302  0.         0.        -0.       ]
 [ 0.        -4.0728302  0.        -0.       ]
 [ 0.         0.         3.         9.       ]
 [ 0.         0.         0.         1.       ]]

Original affine matrix for 001214_C1_RZ_.nii.gz:
[[-4.0728302  0.         0.        -0.       ]
 [ 0.        -4.0728302  0.        -0.       ]
 [ 0.         0.         3.         9.       ]
 [ 0.         0.         0.         1.       ]]

Original affine matrix for 001215_C1_RZ_.nii.gz:
[[-4.0728302  0.         0.        -0.       ]
 [ 0.        -4.0728302  0.        -0.       ]
 [ 0.         0.         3.         9.       ]
 [ 0.         0.         0.         1.       ]]

Original affine matrix for 001216_C1_RZ_.nii.gz:
[[-4.0728302  0.         0.        -0.       ]
 [ 0.        -4.0728302  0.        -0.       ]
 [ 0.         0.         3.         9.       ]
 [ 0.         0.         0.         1.       ]]

Original affine matrix for 001218_C1_RZ_.nii.gz:
[[-4.0728302  0.         0.        -0.       ]
 [ 0.        -4.0728302  0.        -0.       ]
 [ 0.         0.         3.         9.       ]
 [ 0.         0.         0.         1.       ]]

Original affine matrix for 001224_C1_RZ_.nii.gz:
[[-4.0728302  0.         0.        -0.       ]
 [ 0.        -4.0728302  0.        -0.       ]
 [ 0.         0.         3.         9.       ]
 [ 0.         0.         0.         1.       ]]

Original affine matrix for 001227_C1_RZ_.nii.gz:
[[-4.0728302  0.         0.        -0.       ]
 [ 0.        -4.0728302  0.        -0.       ]
 [ 0.         0.         3.         9.       ]
 [ 0.         0.         0.         1.       ]]

Original affine matrix for 001401_C1_RZ_.nii.gz:
[[-4.0728302  0.         0.        -0.       ]
 [ 0.        -4.0728302  0.        -0.       ]
 [ 0.         0.         3.         9.       ]
 [ 0.         0.         0.         1.       ]]

Original affine matrix for 001402_C1_RZ_.nii.gz:
[[-4.0728302  0.         0.        -0.       ]
 [ 0.        -4.0728302  0.        -0.       ]
 [ 0.         0.         3.         9.       ]
 [ 0.         0.         0.         1.       ]]

Original affine matrix for 001403_C1_RZ_.nii.gz:
[[-4.0728302  0.         0.        -0.       ]
 [ 0.        -4.0728302  0.        -0.       ]
 [ 0.         0.         3.         9.       ]
 [ 0.         0.         0.         1.       ]]

Original affine matrix for 001404_C1_RZ_.nii.gz:
[[-4.0728302  0.         0.        -0.       ]
 [ 0.        -4.0728302  0.        -0.       ]
 [ 0.         0.         3.         9.       ]
 [ 0.         0.         0.         1.       ]]

Original affine matrix for 001405_C1_RZ_.nii.gz:
[[-4.0728302  0.         0.        -0.       ]
 [ 0.        -4.0728302  0.        -0.       ]
 [ 0.         0.         3.         9.       ]
 [ 0.         0.         0.         1.       ]]

Original affine matrix for 001406_C1_RZ_.nii.gz:
[[-4.0728302  0.         0.        -0.       ]
 [ 0.        -4.0728302  0.        -0.       ]
 [ 0.         0.         3.         9.       ]
 [ 0.         0.         0.         1.       ]]

